{
  "advancedEditorSelectedIdentifier" : "ProjectBrowser",
  "openSceneRelativePaths" : [
    "Scene.usda"
  ],
  "recentIdentifiers" : {
    "26DBAE76-5DD8-47B6-A085-1B4ADA111097" : [

    ]
  },
  "sceneCameraHistory" : {
    "26DBAE76-5DD8-47B6-A085-1B4ADA111097" : [
      {
        "date" : 714485523.25643504,
        "title" : "Untitled",
        "transform" : [
          0.85722988843917847,
          -2.6074501420225715e-06,
          -0.51493388414382935,
          0,
          -0.21913410723209381,
          0.904929518699646,
          -0.36480531096458435,
          0,
          0.46597981452941895,
          0.42556148767471313,
          0.77573204040527344,
          0,
          14.800999641418457,
          5.2412805557250977,
          14.559514999389648,
          1
        ]
      },
      {
        "date" : 714485518.22261202,
        "title" : "Untitled",
        "transform" : [
          0.23024436831474304,
          -2.579132797109196e-06,
          -0.97313284873962402,
          0,
          -0.88574737310409546,
          0.41416439414024353,
          -0.20956990122795105,
          0,
          0.40303754806518555,
          0.91020208597183228,
          0.095356754958629608,
          0,
          13.053850173950195,
          16.188508987426758,
          -1.0468268394470215,
          1
        ]
      },
      {
        "date" : 714485505.27343905,
        "title" : "Untitled",
        "transform" : [
          -0.49661126732826233,
          -2.6061229618790094e-06,
          -0.8679729700088501,
          0,
          -0.82038640975952148,
          0.32656577229499817,
          0.4693835973739624,
          0,
          0.28344908356666565,
          0.94517439603805542,
          -0.1621783971786499,
          0,
          3.0142898559570312,
          9.9998159408569336,
          -2.9923489093780518,
          1
        ]
      },
      {
        "date" : 714485496.11271703,
        "title" : "Untitled",
        "transform" : [
          -0.26247513294219971,
          -2.591855491118622e-06,
          -0.9649387001991272,
          0,
          -0.67446309328079224,
          0.71515160799026489,
          0.18346031010150909,
          0,
          0.69007700681686401,
          0.69896930456161499,
          -0.18771128356456757,
          0,
          6.0040550231933594,
          7.916959285736084,
          -3.0218884944915771,
          1
        ]
      },
      {
        "date" : 714485486.19217396,
        "title" : "Untitled",
        "transform" : [
          0.99012243747711182,
          -1.4007198387844255e-06,
          -0.14020505547523499,
          0,
          -0.12432749569416046,
          0.46223112940788269,
          -0.87800061702728271,
          0,
          0.064808279275894165,
          0.88675945997238159,
          0.45766538381576538,
          0,
          2.045224666595459,
          8.6864709854125977,
          1.4843573570251465,
          1
        ]
      },
      {
        "date" : 714485481.09353805,
        "title" : "Untitled",
        "transform" : [
          0.99785244464874268,
          -1.3919420780439395e-06,
          -0.065502583980560303,
          0,
          -0.011446674354374409,
          0.98460888862609863,
          -0.17439748346805573,
          0,
          0.06449456512928009,
          0.17477269470691681,
          0.9824942946434021,
          0,
          2.2233800888061523,
          5.1892247200012207,
          5.7988929748535156,
          1
        ]
      },
      {
        "date" : 714485470.82243598,
        "title" : "Untitled",
        "transform" : [
          -0.070040963590145111,
          -1.3910881762058125e-06,
          -0.9975440502166748,
          0,
          -0.48358777165412903,
          0.87463712692260742,
          0.033953107893466949,
          0,
          0.87248903512954712,
          0.48477825522422791,
          -0.061261098831892014,
          0,
          7.0608654022216797,
          6.9037480354309082,
          0.34813964366912842,
          1
        ]
      },
      {
        "date" : 714485457.60309196,
        "title" : "Untitled",
        "transform" : [
          0.99989700317382812,
          -1.3976626860312535e-06,
          -0.014349434524774551,
          0,
          -0.003479435108602047,
          0.97013276815414429,
          -0.24254967272281647,
          0,
          0.013921182602643967,
          0.24257464706897736,
          0.97003287076950073,
          0,
          1.8577277660369873,
          4.8111557960510254,
          2.5518639087677002,
          1
        ]
      },
      {
        "date" : 714485451.17160106,
        "title" : "Untitled",
        "transform" : [
          -0.95517110824584961,
          -1.3975508181829355e-06,
          0.29605463147163391,
          0,
          0.13993003964424133,
          0.8812483549118042,
          0.45146524906158447,
          0,
          -0.26089826226234436,
          0.47265347838401794,
          -0.84174269437789917,
          0,
          -2.51900315284729,
          5.9734792709350586,
          -6.1264915466308594,
          1
        ]
      },
      {
        "date" : 714485447.36243296,
        "title" : "Untitled",
        "transform" : [
          -0.2332097589969635,
          -1.3967990071250824e-06,
          0.97242653369903564,
          0,
          0.50731611251831055,
          0.85312801599502563,
          0.12166707217693329,
          0,
          -0.82960444688796997,
          0.52170157432556152,
          -0.19895708560943604,
          0,
          -4.145531177520752,
          6.2147073745727539,
          -1.8685777187347412,
          1
        ]
      }
    ]
  }
}