{
  "advancedEditorSelectedIdentifier" : "ProjectBrowser",
  "openSceneRelativePaths" : [
    "Immersive.usda"
  ],
  "recentIdentifiers" : {

  },
  "sceneCameraHistory" : {
    "AF09ED6F-1707-48FD-8720-65B998362C09" : [
      {
        "date" : 713199738.047454,
        "title" : "Untitled",
        "transform" : [
          0.99211382865905762,
          -2.6840003997108397e-08,
          0.12534043192863464,
          0,
          0.02689216285943985,
          0.97671252489089966,
          -0.21286027133464813,
          0,
          -0.12242143601179123,
          0.21455252170562744,
          0.96900993585586548,
          0,
          0.66141897439956665,
          2.2036435604095459,
          5.2607879638671875,
          1
        ]
      },
      {
        "date" : 713199723.50767303,
        "title" : "Untitled",
        "transform" : [
          -0.28162774443626404,
          -2.1331054256279458e-08,
          0.95952373743057251,
          0,
          0.067380622029304504,
          0.99753129482269287,
          0.019776821136474609,
          0,
          -0.95715492963790894,
          0.070223279297351837,
          -0.28093236684799194,
          0,
          -2.9430637359619141,
          1.2416419982910156,
          0.50727063417434692,
          1
        ]
      },
      {
        "date" : 713199720.76093996,
        "title" : "Untitled",
        "transform" : [
          -0.99426549673080444,
          -2.2258479503989292e-08,
          -0.10693976283073425,
          0,
          -0.011395610868930817,
          0.99430620670318604,
          0.10594919323921204,
          0,
          0.10633073002099991,
          0.10656055808067322,
          -0.98860436677932739,
          0,
          -1.026362419128418,
          1.338605523109436,
          -2.7595901489257812,
          1
        ]
      },
      {
        "date" : 713199716.63708305,
        "title" : "Untitled",
        "transform" : [
          0.42209893465042114,
          -1.8080115182783629e-08,
          0.90654975175857544,
          0,
          0.010994038544595242,
          0.99992650747299194,
          -0.0051188552752137184,
          0,
          -0.90648311376571655,
          0.012127564288675785,
          0.42206794023513794,
          0,
          -1.9365354776382446,
          1.0837175846099854,
          2.3528726100921631,
          1
        ]
      },
      {
        "date" : 713199709.43812001,
        "title" : "Untitled",
        "transform" : [
          0.85825109481811523,
          -1.9407538687232773e-08,
          -0.51322996616363525,
          0,
          -0.06257273256778717,
          0.99254000186920166,
          -0.10463767498731613,
          0,
          0.50940126180648804,
          0.12191985547542572,
          0.85184848308563232,
          0,
          2.4701716899871826,
          1.3791675567626953,
          1.5674089193344116,
          1
        ]
      },
      {
        "date" : 713199675.75266695,
        "title" : "Untitled",
        "transform" : [
          -0.40466809272766113,
          -1.9509990067945182e-08,
          -0.9144635796546936,
          0,
          -0.18411959707736969,
          0.97952115535736084,
          0.081476457417011261,
          0,
          0.89573639631271362,
          0.20134180784225464,
          -0.3963809609413147,
          0,
          1.7479543685913086,
          1.584829568862915,
          -2.2121467590332031,
          1
        ]
      },
      {
        "date" : 713199663.540815,
        "title" : "Untitled",
        "transform" : [
          -0.99024605751037598,
          -1.9970959996840065e-08,
          -0.13932891190052032,
          0,
          -0.033290032297372818,
          0.97103667259216309,
          0.23660027980804443,
          0,
          0.13529343903064728,
          0.23893100023269653,
          -0.96156525611877441,
          0,
          0.48144686222076416,
          1.640528678894043,
          -2.8647127151489258,
          1
        ]
      },
      {
        "date" : 713199645.75664997,
        "title" : "Untitled",
        "transform" : [
          -0.64637941122055054,
          -4.2913448794479336e-08,
          0.76301604509353638,
          0,
          0.4424750804901123,
          0.81468582153320312,
          0.37483721971511841,
          0,
          -0.62161839008331299,
          0.57990288734436035,
          -0.5265960693359375,
          0,
          -0.53481888771057129,
          2.1394608020782471,
          -1.9886660575866699,
          1
        ]
      },
      {
        "date" : 713199385.09075105,
        "title" : "Untitled",
        "transform" : [
          -0.89576840400695801,
          -4.5455834651875193e-08,
          0.44452103972434998,
          0,
          0.16507750749588013,
          0.92848885059356689,
          0.33265295624732971,
          0,
          -0.41273277997970581,
          0.37136059999465942,
          -0.8317108154296875,
          0,
          -0.34068828821182251,
          1.8523234128952026,
          -2.5281548500061035,
          1
        ]
      },
      {
        "date" : 713199382.71866202,
        "title" : "Untitled",
        "transform" : [
          -0.89576840400695801,
          -4.5455834651875193e-08,
          0.44452103972434998,
          0,
          0.16507750749588013,
          0.92848885059356689,
          0.33265295624732971,
          0,
          -0.41273277997970581,
          0.37136059999465942,
          -0.8317108154296875,
          0,
          -0.066997230052947998,
          1.7170088291168213,
          -2.2862887382507324,
          1
        ]
      }
    ]
  },
  "selectedSceneRelativePath" : "Immersive.usda"
}