{
  "advancedEditorSelectedIdentifier" : "ShaderGraphEditorPluginID",
  "openSceneRelativePaths" : [
    "Immersive.usda",
    "Scene.usda"
  ],
  "recentIdentifiers" : {
    "D66134B1-3681-4A8E-AFE5-29F257229F3B" : [

    ]
  },
  "sceneCameraHistory" : {
    "1D572CEB-057A-41C3-B575-04C37501A3C0" : [
      {
        "date" : 714486349.253106,
        "title" : "Untitled",
        "transform" : [
          1,
          0,
          -0,
          0,
          -0,
          0.87039101123809814,
          -0.49236118793487549,
          0,
          0,
          0.49236118793487549,
          0.87039101123809814,
          0,
          0,
          3.7179267406463623,
          4.322298526763916,
          1
        ]
      }
    ],
    "D66134B1-3681-4A8E-AFE5-29F257229F3B" : [
      {
        "date" : 714497955.58119798,
        "title" : "Untitled",
        "transform" : [
          0.19104860723018646,
          2.2633923180137572e-08,
          -0.98158043622970581,
          0,
          -0.44496417045593262,
          0.89135092496871948,
          -0.08660503476858139,
          0,
          0.87493276596069336,
          0.45331382751464844,
          0.17029140889644623,
          0,
          12.673991203308105,
          8.1686363220214844,
          -2.4327874183654785,
          1
        ]
      },
      {
        "date" : 714497871.70272195,
        "title" : "Untitled",
        "transform" : [
          0.88642579317092896,
          2.7131148883086098e-08,
          -0.46287056803703308,
          0,
          -0.06417345255613327,
          0.99034255743026733,
          -0.12289617210626602,
          0,
          0.45840039849281311,
          0.13864228129386902,
          0.87786519527435303,
          0,
          0.0066121723502874374,
          1.3421684503555298,
          -4.0323362350463867,
          1
        ]
      },
      {
        "date" : 714497748.36126101,
        "title" : "Untitled",
        "transform" : [
          0.86223059892654419,
          2.731726489457742e-08,
          -0.50651580095291138,
          0,
          -0.092654131352901459,
          0.98312699794769287,
          -0.15772309899330139,
          0,
          0.49796932935714722,
          0.18292441964149475,
          0.84768217802047729,
          0,
          -0.22323226928710938,
          1.1806271076202393,
          -4.0764546394348145,
          1
        ]
      },
      {
        "date" : 714497733.18016505,
        "title" : "Untitled",
        "transform" : [
          -0.90474575757980347,
          0.002035950543358922,
          0.42594721913337708,
          0,
          0.28370431065559387,
          0.74878120422363281,
          0.59903138875961304,
          0,
          -0.31772172451019287,
          0.66281414031982422,
          -0.67803424596786499,
          0,
          0.60110080242156982,
          1.5541960000991821,
          -3.5271978378295898,
          1
        ]
      },
      {
        "date" : 714497721.99498403,
        "title" : "Untitled",
        "transform" : [
          -0.98027348518371582,
          0.0020359484478831291,
          0.19763520359992981,
          0,
          0.099740087985992432,
          0.86837935447692871,
          0.48576664924621582,
          0,
          -0.17063339054584503,
          0.49589636921882629,
          -0.85145235061645508,
          0,
          3.3989920616149902,
          1.3562319278717041,
          -4.7251725196838379,
          1
        ]
      },
      {
        "date" : 714497414.93961501,
        "title" : "Untitled",
        "transform" : [
          -0.98245388269424438,
          0.0020359463524073362,
          0.18649439513683319,
          0,
          0.11065572500228882,
          0.81128865480422974,
          0.57407844066619873,
          0,
          -0.15013203024864197,
          0.58464235067367554,
          -0.79727894067764282,
          0,
          3.484168529510498,
          1.7659454345703125,
          -4.5234689712524414,
          1
        ]
      },
      {
        "date" : 714497385.06171405,
        "title" : "Untitled",
        "transform" : [
          -0.83505064249038696,
          0.0020359463524073362,
          0.55016928911209106,
          0,
          0.35063612461090088,
          0.77256375551223755,
          0.52933889627456665,
          0,
          -0.42396315932273865,
          0.63493406772613525,
          -0.64584362506866455,
          0,
          3.0449728965759277,
          1.8451564311981201,
          -4.3044509887695312,
          1
        ]
      },
      {
        "date" : 714497381.91177797,
        "title" : "Untitled",
        "transform" : [
          -0.908641517162323,
          0.0020359465852379799,
          0.41757231950759888,
          0,
          0.26511427760124207,
          0.77540874481201172,
          0.57311064004898071,
          0,
          -0.3226223886013031,
          0.63145649433135986,
          -0.7051081657409668,
          0,
          3.1948599815368652,
          1.8404802083969116,
          -4.3596057891845703,
          1
        ]
      },
      {
        "date" : 714497370.36310101,
        "title" : "Untitled",
        "transform" : [
          -0.93343460559844971,
          -0.00020000951190013438,
          0.35874754190444946,
          0,
          0.35852247476577759,
          0.034899331629276276,
          0.93286854028701782,
          0,
          -0.012706655077636242,
          0.99939078092575073,
          -0.032504640519618988,
          0,
          3.4220292568206787,
          1.4835965633392334,
          -4.1037373542785645,
          1
        ]
      },
      {
        "date" : 714497362.574826,
        "title" : "Untitled",
        "transform" : [
          -0.97338753938674927,
          -0.00020000884251203388,
          0.22916530072689056,
          0,
          0.087554216384887695,
          0.92381393909454346,
          0.37269586324691772,
          0,
          -0.21178059279918671,
          0.38284173607826233,
          -0.8992113471031189,
          0,
          3.471092700958252,
          1.0949394702911377,
          -4.8961071968078613,
          1
        ]
      }
    ]
  },
  "selectedSceneRelativePath" : "Scene.usda"
}