{
  "advancedEditorSelectedIdentifier" : "ProjectBrowser",
  "openSceneRelativePaths" : [
    "Immersive.usda",
    "Scene.usda"
  ],
  "recentIdentifiers" : {
    "D66134B1-3681-4A8E-AFE5-29F257229F3B" : [

    ]
  },
  "sceneCameraHistory" : {
    "1D572CEB-057A-41C3-B575-04C37501A3C0" : [
      {
        "date" : 719589206.648854,
        "title" : "Untitled",
        "transform" : [
          1,
          0,
          -0,
          0,
          -0,
          0.8660258,
          -0.49999937,
          0,
          0,
          0.49999937,
          0.8660258,
          0,
          0,
          3.9769254,
          4.7708974,
          1
        ]
      }
    ],
    "D66134B1-3681-4A8E-AFE5-29F257229F3B" : [
      {
        "date" : 719598946.961078,
        "title" : "Untitled",
        "transform" : [
          0.7000771,
          1.2844737e-08,
          0.7140674,
          0,
          0.21569872,
          0.95328563,
          -0.21147259,
          0,
          -0.68071014,
          0.30207065,
          0.66737324,
          0,
          -0.38616183,
          0.23822062,
          0.9263238,
          1
        ]
      },
      {
        "date" : 719598936.821351,
        "title" : "Untitled",
        "transform" : [
          0.71065813,
          2.8624214e-10,
          0.7035376,
          0,
          -0.094468266,
          0.990944,
          0.095424466,
          0,
          -0.6971663,
          -0.13427599,
          0.70422226,
          0,
          -0.4183374,
          0.0095602395,
          0.9690717,
          1
        ]
      },
      {
        "date" : 719593749.210426,
        "title" : "Untitled",
        "transform" : [
          0.9994336,
          2.093063e-08,
          0.03365526,
          0,
          0.020712199,
          0.7881989,
          -0.615072,
          0,
          -0.026527125,
          0.61542076,
          0.7877522,
          0,
          -0.0015558915,
          0.3911609,
          0.8366309,
          1
        ]
      },
      {
        "date" : 719593476.644701,
        "title" : "Untitled",
        "transform" : [
          0.99328846,
          2.0208066e-08,
          -0.11566405,
          0,
          -0.06965238,
          0.79834825,
          -0.5981544,
          0,
          0.09234009,
          0.60219616,
          0.79299,
          0,
          0.123883575,
          0.37716714,
          0.8338815,
          1
        ]
      },
      {
        "date" : 719593470.132153,
        "title" : "Untitled",
        "transform" : [
          0.930344,
          1.9216431e-08,
          -0.36668777,
          0,
          -0.24528311,
          0.7433384,
          -0.62232167,
          0,
          0.272573,
          0.6689156,
          0.69156045,
          0,
          0.19938111,
          0.40896982,
          0.7440074,
          1
        ]
      },
      {
        "date" : 719593456.485204,
        "title" : "Untitled",
        "transform" : [
          0.85778326,
          1.153764e-08,
          -0.51401144,
          0,
          -0.1815737,
          0.93552953,
          -0.3030107,
          0,
          0.4808728,
          0.35324854,
          0.80248165,
          0,
          0.22989695,
          0.20073204,
          0.73490447,
          1
        ]
      },
      {
        "date" : 719593446.672392,
        "title" : "Untitled",
        "transform" : [
          0.8532399,
          9.32407e-09,
          -0.5215185,
          0,
          -0.11349052,
          0.9760346,
          -0.18567836,
          0,
          0.5090201,
          0.21761565,
          0.8327917,
          0,
          0.24553286,
          0.16636345,
          0.7566354,
          1
        ]
      },
      {
        "date" : 719593430.223687,
        "title" : "Untitled",
        "transform" : [
          0.74367714,
          1.4804877e-09,
          -0.66853905,
          0,
          -0.27852482,
          0.90908206,
          -0.3098288,
          0,
          0.6077568,
          0.41661733,
          0.6760635,
          0,
          0.34763712,
          0.32708997,
          0.66005385,
          1
        ]
      },
      {
        "date" : 719592975.507606,
        "title" : "Untitled",
        "transform" : [
          0.9599675,
          3.193625e-09,
          -0.2801112,
          0,
          -0.112446375,
          0.9158875,
          -0.38536474,
          0,
          0.2565503,
          0.4014352,
          0.87922215,
          0,
          0.02174358,
          0.31481272,
          0.74912167,
          1
        ]
      },
      {
        "date" : 719592953.521247,
        "title" : "Untitled",
        "transform" : [
          0.8772791,
          4.8697784e-09,
          0.4799805,
          0,
          0.07306527,
          0.9883458,
          -0.13354401,
          0,
          -0.47438675,
          0.15222538,
          0.8670552,
          0,
          -0.27225068,
          0.08736209,
          0.4976034,
          1
        ]
      }
    ]
  },
  "selectedSceneRelativePath" : "Scene.usda"
}